{
    "camera_angle_x": 0.8575560548920328,
    "K": [
        [280, 0, 128],
        [0, 280, 128],
        [0, 0, 1]
    ],
    "frames": [
        {
            "file_path": "r_0000",
            "transform_matrix": [
                [
                    -4.371138828673793e-08,
                    -0.4999999701976776,
                    0.866025447845459,
                    1.299038052558899
                ],
                [
                    1.0,
                    -5.346582909737663e-08,
                    1.9605055356919365e-08,
                    0.0
                ],
                [
                    3.650023927548318e-08,
                    0.866025447845459,
                    0.4999999701976776,
                    0.75
                ],
                [
                    0.0,
                    0.0,
                    0.0,
                    1.0
                ]
            ],
            "elevation": 0.5235987755982988,
            "azimuth": 0.0
        },
        {
            "file_path": "r_0001",
            "transform_matrix": [
                [
                    -0.3746066093444824,
                    -0.46359193325042725,
                    0.8029647469520569,
                    1.2044471502304077
                ],
                [
                    0.9271838665008545,
                    -0.18730318546295166,
                    0.32441890239715576,
                    0.4866282343864441
                ],
                [
                    -1.4352443145071447e-07,
                    0.866025447845459,
                    0.4999999701976776,
                    0.75
                ],
                [
                    0.0,
                    0.0,
                    0.0,
                    1.0
                ]
            ],
            "elevation": 0.5235987755982988,
            "azimuth": 0.3839724354387525
        },
        {
            "file_path": "r_0002",
            "transform_matrix": [
                [
                    -0.7071067690849304,
                    -0.35355344414711,
                    0.6123723983764648,
                    0.918558657169342
                ],
                [
                    0.7071067690849304,
                    -0.35355344414711,
                    0.6123723983764648,
                    0.918558657169342
                ],
                [
                    -1.9599385225888e-08,
                    0.8660253882408142,
                    0.5000000596046448,
                    0.75
                ],
                [
                    0.0,
                    0.0,
                    0.0,
                    1.0
                ]
            ],
            "elevation": 0.5235987755982988,
            "azimuth": 0.7853981633974483
        },
        {
            "file_path": "r_0003",
            "transform_matrix": [
                [
                    -0.9205048680305481,
                    -0.1953655332326889,
                    0.33838313817977905,
                    0.5075746178627014
                ],
                [
                    0.39073115587234497,
                    -0.46025240421295166,
                    0.7971805930137634,
                    1.1957708597183228
                ],
                [
                    3.739580733963521e-08,
                    0.866025447845459,
                    0.4999999701976776,
                    0.75
                ],
                [
                    0.0,
                    0.0,
                    0.0,
                    1.0
                ]
            ],
            "elevation": 0.5235987755982988,
            "azimuth": 1.1693705988362009
        },
        {
            "file_path": "r_0004",
            "transform_matrix": [
                [
                    -1.0,
                    1.4106495882515446e-07,
                    -9.291105129705102e-08,
                    7.954314354097723e-17
                ],
                [
                    -1.5099580252808664e-07,
                    -0.49999988079071045,
                    0.8660255074501038,
                    1.299038052558899
                ],
                [
                    7.571033222575352e-08,
                    0.8660255074501038,
                    0.49999988079071045,
                    0.75
                ],
                [
                    0.0,
                    0.0,
                    0.0,
                    1.0
                ]
            ],
            "elevation": 0.5235987755982988,
            "azimuth": 1.5707963267948966
        },
        {
            "file_path": "r_0005",
            "transform_matrix": [
                [
                    -0.9271839261054993,
                    0.18730321526527405,
                    -0.3244187533855438,
                    -0.4866282343864441
                ],
                [
                    -0.37460649013519287,
                    -0.4635920524597168,
                    0.8029647469520569,
                    1.2044471502304077
                ],
                [
                    -6.636359728418029e-08,
                    0.8660253882408142,
                    0.5000000596046448,
                    0.75
                ],
                [
                    0.0,
                    0.0,
                    0.0,
                    1.0
                ]
            ],
            "elevation": 0.5235987755982988,
            "azimuth": 1.9547687622336491
        },
        {
            "file_path": "r_0006",
            "transform_matrix": [
                [
                    -0.7071067690849304,
                    0.35355344414711,
                    -0.6123723983764648,
                    -0.918558657169342
                ],
                [
                    -0.7071067690849304,
                    -0.35355344414711,
                    0.6123723983764648,
                    0.918558657169342
                ],
                [
                    1.9599385225888e-08,
                    0.8660253882408142,
                    0.5000000596046448,
                    0.75
                ],
                [
                    0.0,
                    0.0,
                    0.0,
                    1.0
                ]
            ],
            "elevation": 0.5235987755982988,
            "azimuth": 2.356194490192345
        },
        {
            "file_path": "r_0007",
            "transform_matrix": [
                [
                    -0.3907310366630554,
                    0.4602524936199188,
                    -0.7971805930137634,
                    -1.1957708597183228
                ],
                [
                    -0.9205048680305481,
                    -0.19536533951759338,
                    0.33838313817977905,
                    0.5075746178627014
                ],
                [
                    2.2697668100590818e-07,
                    0.866025447845459,
                    0.4999999701976776,
                    0.75
                ],
                [
                    0.0,
                    0.0,
                    0.0,
                    1.0
                ]
            ],
            "elevation": 0.5235987755982988,
            "azimuth": 2.7401669256310974
        },
        {
            "file_path": "r_0008",
            "transform_matrix": [
                [
                    -4.371138828673793e-08,
                    0.49999988079071045,
                    -0.8660255074501038,
                    -1.299038052558899
                ],
                [
                    -1.0,
                    1.4644554902076834e-08,
                    5.8928595336738e-08,
                    1.5908628708195447e-16
                ],
                [
                    4.214684778958144e-08,
                    0.8660255074501038,
                    0.49999988079071045,
                    0.75
                ],
                [
                    0.0,
                    0.0,
                    0.0,
                    1.0
                ]
            ],
            "elevation": 0.5235987755982988,
            "azimuth": 3.141592653589793
        },
        {
            "file_path": "r_0009",
            "transform_matrix": [
                [
                    0.37460651993751526,
                    0.46359187364578247,
                    -0.8029648065567017,
                    -1.2044471502304077
                ],
                [
                    -0.9271838665008545,
                    0.1873033493757248,
                    -0.32441872358322144,
                    -0.4866282343864441
                ],
                [
                    1.167100052157366e-07,
                    0.866025447845459,
                    0.4999999701976776,
                    0.75
                ],
                [
                    0.0,
                    0.0,
                    0.0,
                    1.0
                ]
            ],
            "elevation": 0.5235987755982988,
            "azimuth": 3.5255650890285457
        },
        {
            "file_path": "r_0010",
            "transform_matrix": [
                [
                    0.7071067690849304,
                    0.3535534143447876,
                    -0.6123724579811096,
                    -0.918558657169342
                ],
                [
                    -0.7071067690849304,
                    0.35355332493782043,
                    -0.6123724579811096,
                    -0.918558657169342
                ],
                [
                    -6.688692621992232e-08,
                    0.866025447845459,
                    0.4999999701976776,
                    0.75
                ],
                [
                    0.0,
                    0.0,
                    0.0,
                    1.0
                ]
            ],
            "elevation": 0.5235987755982988,
            "azimuth": 3.9269908169872414
        },
        {
            "file_path": "r_0011",
            "transform_matrix": [
                [
                    0.9205048084259033,
                    0.1953655332326889,
                    -0.33838319778442383,
                    -0.5075746178627014
                ],
                [
                    -0.39073121547698975,
                    0.46025219559669495,
                    -0.797180712223053,
                    -1.1957708597183228
                ],
                [
                    -2.906042340100612e-08,
                    0.8660255670547485,
                    0.4999997615814209,
                    0.75
                ],
                [
                    0.0,
                    0.0,
                    0.0,
                    1.0
                ]
            ],
            "elevation": 0.5235987755982988,
            "azimuth": 4.310963252425994
        },
        {
            "file_path": "r_0012",
            "transform_matrix": [
                [
                    1.0,
                    9.184852056133249e-17,
                    -1.5908627384706467e-16,
                    -2.386294306229317e-16
                ],
                [
                    -1.8369701465288538e-16,
                    0.5000000596046448,
                    -0.8660253882408142,
                    -1.299038052558899
                ],
                [
                    4.16885378277622e-25,
                    0.8660253882408142,
                    0.5000000596046448,
                    0.75
                ],
                [
                    0.0,
                    0.0,
                    0.0,
                    1.0
                ]
            ],
            "elevation": 0.5235987755982988,
            "azimuth": 4.71238898038469
        },
        {
            "file_path": "r_0013",
            "transform_matrix": [
                [
                    0.9271838665008545,
                    -0.1873033195734024,
                    0.3244187831878662,
                    0.4866282343864441
                ],
                [
                    0.37460657954216003,
                    0.463591992855072,
                    -0.8029647469520569,
                    -1.2044471502304077
                ],
                [
                    6.194746937637774e-09,
                    0.8660253882408142,
                    0.5000000596046448,
                    0.75
                ],
                [
                    0.0,
                    0.0,
                    0.0,
                    1.0
                ]
            ],
            "elevation": 0.5235987755982988,
            "azimuth": 5.096361415823442
        },
        {
            "file_path": "r_0014",
            "transform_matrix": [
                [
                    0.7071067690849304,
                    -0.3535534143447876,
                    0.6123724579811096,
                    0.918558657169342
                ],
                [
                    0.7071067690849304,
                    0.35355332493782043,
                    -0.6123724579811096,
                    -0.918558657169342
                ],
                [
                    6.688692621992232e-08,
                    0.866025447845459,
                    0.4999999701976776,
                    0.75
                ],
                [
                    0.0,
                    0.0,
                    0.0,
                    1.0
                ]
            ],
            "elevation": 0.5235987755982988,
            "azimuth": 5.497787143782138
        },
        {
            "file_path": "r_0015",
            "transform_matrix": [
                [
                    0.39073097705841064,
                    -0.4602523446083069,
                    0.797180712223053,
                    1.1957708597183228
                ],
                [
                    0.9205049276351929,
                    0.19536539912223816,
                    -0.3383829891681671,
                    -0.5075746178627014
                ],
                [
                    3.645477164582189e-08,
                    0.8660255074501038,
                    0.49999988079071045,
                    0.75
                ],
                [
                    0.0,
                    0.0,
                    0.0,
                    1.0
                ]
            ],
            "elevation": 0.5235987755982988,
            "azimuth": 5.8817595792208905
        }
    ]
}